10344 2005 10319 2048 10296 2086 10275 2126 10255 2171 10237 2214 10211 2278 10187 2340 10150 2447 10071 2635 9975 2831 9880 3009 9780 3178 9607 3388 9374 3653 9172 3883 8938 4191 8728 4480 8506 4801 8304 5097 8128 5352 7973 5574 7805 5788 7597 6040 7371 6336 7145 6624 6910 6900 6677 7154 6395 7402 6038 7629 5696 7824 5370 7987 5009 8123 4643 8229 4312 8312 3949 8340 3636 8360 3347 8352 3049 8245 2794 8149 2569 8039 2344 7889 2090 7628 1785 7264 1483 6883 1183 6441 842 5932 525 5457 205 4906 -81 4295 
10344 2005 10318 2047 10244 2200 10106 2466 9985 2696 9881 2893 9677 3160 9498 3392 9343 3590 9115 3849 8785 4171 8446 4487 8139 4763 7864 5002 7560 5213 7208 5409 6880 5574 6581 5710 6328 5826 6113 5924 5922 6004 5747 6064 5546 6070 5330 6022 5111 5945 4894 5830 4690 5714 4506 5609 4314 5481 4133 5348 3897 5118 3678 4895 3452 4629 3240 4322 3024 3916 2800 3390 2610 2917 2450 2506 2320 2139 2224 1754 2148 1398 2119 956 2098 575 2129 110 2163 -320 2208 -843 2269 -1367 2341 -1897 2418 -2450 2485 -3060 
10336 1998 10300 2033 10255 2083 10212 2133 10136 2250 10070 2351 10011 2442 9936 2563 9841 2705 9679 2895 9499 3099 9334 3284 9109 3534 8908 3757 8663 4045 8451 4293 8239 4534 8037 4763 7823 5033 7556 5410 7313 5746 7107 6032 6895 6301 6716 6530 6473 6755 6159 6953 5860 7123 5552 7267 5270 7388 4905 7497 4532 7593 4174 7669 3780 7724 3434 7769 3010 7754 2573 7699 2200 7651 1881 7608 1575 7520 1278 7391 973 7158 689 6803 437 6465 221 6022 38 5508 -118 5051 -249 4642 -347 4248 -428 3902 -515 3431 
10344 2005 10319 2048 10254 2186 10197 2311 10149 2417 10109 2507 10061 2609 10016 2703 9941 2847 9810 3053 9661 3257 9526 3438 9395 3612 9209 3842 8983 4138 8792 4390 8573 4719 8373 5038 8155 5381 7954 5694 7779 5963 7624 6197 7413 6443 7160 6713 6886 7018 6614 7309 6337 7583 6088 7822 5791 8054 5420 8263 5091 8441 4764 8589 4403 8710 4037 8807 3724 8889 3376 8914 3075 8931 2789 8933 2455 8865 2167 8804 1901 8731 1629 8642 1283 8476 929 8277 569 8049 193 7751 -203 7359 -634 6900 -1060 6366 -1431 5865 
10337 2004 10310 2035 10276 2074 10179 2160 10043 2276 9786 2480 9514 2713 9251 2965 9016 3196 8817 3393 8580 3676 8359 3963 8148 4262 7943 4555 7758 4818 7592 5053 7381 5331 7116 5650 6856 5953 6631 6214 6418 6467 6234 6686 6060 6903 5910 7095 5780 7281 5665 7474 5563 7676 5477 7859 5405 8015 5354 8178 5342 8419 5333 8624 5323 8821 5308 9012 5296 9174 5266 9404 5215 9720 5171 9993 5134 10269 5113 10659 5096 10997 5087 11382 5082 11780 5059 12231 5024 12649 4955 13164 4871 13655 4696 14226 4432 14819 4093 15398 
10331 2025 10301 2074 10218 2192 10132 2317 10011 2564 9872 2869 9747 3160 9642 3457 9561 3742 9500 4031 9455 4317 9417 4565 9359 4874 9311 5137 9246 5404 9163 5674 9066 5946 8907 6268 8756 6559 8598 6850 8458 7104 8260 7429 8093 7705 7921 7979 7772 8216 7626 8436 7496 8629 7365 8810 7251 8968 7142 9122 7036 9269 6935 9403 6797 9555 6624 9713 6385 9882 6101 10057 5825 10222 5583 10364 5211 10505 4819 10638 4462 10750 4009 10850 3574 10935 3040 11001 2548 11056 2010 11098 1493 11129 1006 11162 428 11181 -207 11222 
10344 2001 10297 2070 10258 2129 10129 2236 9904 2435 9709 2608 9486 2807 9265 3023 9058 3236 8868 3431 8686 3609 8532 3760 8355 3908 8186 4048 8011 4207 7821 4376 7523 4605 7244 4814 6986 5002 6744 5175 6539 5322 6365 5446 6126 5619 5912 5775 5678 5930 5427 6073 5190 6193 4986 6294 4670 6359 4375 6416 4122 6463 3892 6498 3642 6516 3421 6528 3129 6484 2815 6413 2434 6318 2018 6212 1545 6061 1121 5925 705 5790 190 5597 -279 5418 -723 5239 -1102 5086 -1443 4949 -1820 4793 -2233 4635 -2674 4461 -3108 4286 
10317 2048 10222 2212 10137 2359 10015 2572 9783 2891 9526 3269 9257 3664 9022 4009 8742 4436 8444 4857 8144 5265 7781 5706 7458 6091 7074 6491 6746 6832 6463 7125 6223 7374 5990 7595 5722 7799 5495 7972 5240 8119 4918 8267 4642 8392 4332 8478 4064 8548 3827 8600 3537 8545 3290 8497 2977 8324 2704 8168 2451 7989 2218 7777 2020 7595 1854 7390 1718 7198 1636 6952 1608 6654 1626 6307 1655 5990 1711 5630 1770 5217 1837 4803 1903 4417 1969 4061 2039 3726 2107 3426 2218 3088 2316 2796 2452 2465 2660 2048 
10349 1994 10337 2015 10264 2142 10200 2252 10085 2483 9942 2766 9807 3042 9671 3364 9555 3645 9446 3930 9352 4177 9271 4392 9207 4700 9154 4991 9109 5241 9085 5502 9077 5798 9069 6144 9061 6473 9050 6776 9039 7042 8991 7371 8951 7651 8888 7927 8835 8161 8778 8376 8690 8639 8600 8894 8517 9120 8433 9341 8269 9639 8086 9923 7818 10215 7582 10465 7217 10743 6860 11004 6554 11227 6292 11417 6070 11578 5858 11718 5492 11869 5113 11999 4761 12105 4406 12180 4085 12241 3738 12281 3345 12301 2852 12266 2417 12228 2009 12183 
10343 2004 10327 2051 10309 2218 10275 2514 10244 2771 10217 2991 10105 3301 10004 3572 9917 3804 9772 4111 9541 4504 9294 4889 9027 5253 8788 5569 8514 5864 8194 6154 7893 6406 7617 6620 7383 6802 7185 6956 7008 7085 6843 7191 6640 7252 6411 7266 6172 7253 5884 7171 5616 7071 5313 6932 5022 6777 4673 6561 4364 6366 4011 6122 3696 5905 3418 5710 3160 5521 2831 5215 2529 4910 2229 4556 1942 4216 1658 3857 1308 3422 883 2953 436 2439 -38 1907 -458 1428 -817 1016 -1165 539 -1466 123 -1783 -399 -2133 -971 
10318 2023 10272 2076 10210 2148 10097 2295 9886 2561 9689 2810 9494 3091 9299 3392 9125 3666 8907 3988 8656 4331 8438 4625 8234 4898 8037 5160 7869 5385 7591 5694 7269 6011 6954 6298 6652 6549 6225 6767 5754 6931 5246 7072 4734 7187 4290 7282 3860 7340 3414 7330 3029 7316 2683 7285 2299 7125 1961 6969 1663 6805 1397 6559 1169 6333 978 6079 841 5768 751 5420 688 5088 662 4759 683 4434 748 4093 805 3801 895 3520 1097 3206 1338 2894 1602 2583 1929 2247 2240 1942 2605 1582 3044 1179 3511 724 
10260 2096 10105 2277 9863 2537 9590 2833 9287 3170 8967 3546 8630 4020 8320 4478 8022 4933 7727 5366 7467 5741 7212 6077 6824 6435 6489 6739 6205 6998 5897 7198 5570 7338 5212 7417 4748 7388 4344 7353 3977 7301 3595 7191 3217 7029 2865 6848 2517 6572 2220 6326 1969 6081 1756 5870 1593 5523 1456 5217 1354 4908 1295 4588 1247 4314 1236 4040 1240 3795 1317 3537 1466 3268 1681 2989 1889 2741 2144 2477 2433 2172 2727 1879 3006 1610 3268 1367 3523 1144 3755 948 4041 740 4288 560 4581 354 4969 91 
10349 1994 10333 2016 10249 2124 10177 2218 10028 2419 9831 2666 9610 2952 9396 3242 9212 3496 9040 3757 8893 3983 8767 4180 8598 4457 8455 4692 8332 4893 8208 5110 8076 5338 7930 5621 7798 5884 7667 6182 7552 6443 7383 6778 7223 7108 7065 7433 6927 7720 6804 7974 6675 8216 6546 8440 6289 8708 6061 8941 5791 9205 5511 9462 5271 9682 5019 9884 4788 10057 4550 10207 4249 10338 3898 10450 3585 10543 3224 10633 2786 10740 2355 10831 1953 10910 1582 10977 1129 11040 703 11092 237 11152 -200 11216 -689 11306 -1125 11388 
10346 1999 10331 2025 10263 2132 10185 2263 10033 2496 9843 2775 9663 3038 9491 3307 9339 3568 9198 3836 9070 4105 8963 4333 8800 4629 8663 4880 8511 5129 8343 5373 8161 5612 7892 5881 7642 6119 7386 6352 7161 6553 6936 6742 6746 6903 6543 7068 6351 7221 6100 7388 5879 7533 5619 7676 5382 7806 5080 7979 4808 8139 4563 8282 4297 8433 4012 8582 3627 8739 3226 8887 2847 9017 2517 9127 2153 9215 1754 9287 1391 9342 1029 9380 675 9402 197 9375 -222 9349 -601 9322 -980 9282 -1445 9236 -1995 9153 -2621 9074 
10350 1991 10308 2051 10273 2102 10148 2202 9928 2397 9737 2567 9518 2764 9303 2976 9102 3186 8917 3380 8740 3556 8549 3729 8340 3897 8145 4055 7949 4229 7742 4412 7431 4655 7140 4875 6871 5070 6618 5246 6404 5396 6223 5523 5971 5687 5745 5833 5498 5973 5253 6100 5009 6221 4783 6337 4582 6443 4385 6553 4145 6724 3842 6947 3565 7149 3307 7329 3089 7482 2881 7620 2527 7781 2198 7926 1862 8051 1517 8156 1122 8244 691 8319 271 8383 -229 8424 -786 8433 -1357 8441 -1902 8445 -2383 8447 -2794 8449 -3245 8454 
10343 2004 10319 2092 10299 2296 10274 2630 10257 2985 10243 3289 10205 3674 10170 4009 10113 4389 10046 4812 9938 5282 9815 5745 9677 6180 9518 6597 9328 6996 9162 7339 9020 7632 8874 7902 8735 8144 8617 8350 8510 8531 8333 8748 8122 8964 7888 9158 7550 9368 7164 9554 6828 9711 6516 9841 6187 9931 5789 9999 5430 10052 5115 10091 4788 10095 4460 10060 4117 9957 3766 9806 3400 9590 3061 9357 2731 9010 2430 8665 2169 8343 1927 8019 1707 7695 1477 7246 1268 6779 1088 6359 932 5988 736 5537 522 4999 263 4406 
10344 2005 10324 2037 10230 2163 10146 2277 9995 2501 9803 2773 9618 3042 9440 3320 9282 3588 9135 3862 9009 4100 8900 4307 8737 4587 8599 4825 8479 5029 8354 5247 8205 5493 8029 5810 7869 6101 7709 6422 7569 6702 7371 7049 7186 7388 7005 7721 6847 8014 6678 8339 6528 8627 6401 8872 6283 9090 6152 9307 6025 9508 5878 9711 5736 9894 5584 10067 5386 10233 5207 10377 4998 10516 4722 10644 4365 10765 3950 10887 3574 10997 3100 11107 2602 11206 2101 11296 1571 11383 992 11461 491 11525 -66 11553 -680 11536 -1381 11503 
10269 2131 10133 2365 10013 2571 9856 2835 9691 3090 9457 3450 9147 3904 8876 4299 8539 4783 8187 5246 7842 5682 7413 6150 7033 6557 6606 6960 6241 7303 5886 7624 5582 7898 5296 8142 4984 8366 4719 8556 4431 8722 4077 8847 3743 8939 3396 8971 3102 8998 2846 9009 2615 8985 2419 8963 2201 8785 2012 8622 1845 8434 1705 8212 1587 8021 1497 7808 1429 7611 1419 7368 1468 7081 1569 6755 1673 6459 1812 6126 1963 5741 2134 5341 2336 4883 2523 4469 2701 4087 2862 3748 3054 3378 3219 3059 3400 2699 3626 2245 
10342 2004 10323 2062 10303 2215 10265 2499 10230 2745 10199 2956 10067 3276 9949 3554 9782 3862 9574 4209 9279 4627 8974 5029 8660 5399 8380 5719 8082 6035 7824 6306 7599 6543 7372 6771 7163 6971 6893 7176 6655 7353 6346 7516 6016 7650 5680 7750 5344 7826 4963 7848 4594 7832 4244 7778 3899 7684 3570 7577 3291 7487 3038 7392 2807 7295 2578 7155 2330 6936 2111 6738 1875 6519 1642 6295 1445 6106 1212 5898 883 5603 554 5305 270 5048 -57 4711 -350 4399 -599 4134 -821 3895 -1081 3592 -1377 3245 -1686 2899 
10331 2010 10231 2092 10100 2204 9878 2448 9610 2756 9369 3041 9144 3348 8946 3656 8779 3918 8638 4142 8513 4491 8408 4800 8312 5088 8228 5337 8152 5556 8089 5742 8002 5963 7919 6169 7818 6376 7687 6590 7548 6795 7355 7041 7162 7270 6911 7523 6628 7808 6365 8077 6122 8339 5907 8583 5722 8807 5558 9030 5396 9324 5233 9641 5079 9931 4932 10194 4808 10418 4680 10615 4451 10808 4227 10979 3975 11125 3701 11250 3451 11356 3144 11464 2831 11567 2419 11685 2025 11789 1552 11927 1093 12061 649 12191 229 12328 -298 12516 
10319 2019 10263 2074 10151 2159 9973 2256 9726 2371 9511 2469 9329 2552 9042 2660 8757 2756 8355 2859 7969 2950 7638 3027 7291 3122 6976 3208 6585 3328 6251 3431 5958 3525 5691 3628 5379 3884 5075 4255 4806 4734 4589 5248 4433 5798 4333 6345 4256 6823 4264 7346 4300 7818 4339 8227 4372 8574 4503 8945 4668 9292 4879 9617 5128 9911 5519 10176 5992 10428 6487 10675 6963 10892 7483 11115 8023 11347 8482 11544 8919 11714 9380 11851 9792 11966 10202 12061 10574 12144 11046 12274 11612 12454 12101 12609 12552 12756 12981 12904 
10310 2040 10235 2119 10156 2200 10083 2278 10008 2364 9912 2472 9815 2581 9697 2745 9542 2990 9353 3287 9181 3575 9034 3846 8894 4141 8768 4435 8664 4717 8551 5135 8452 5501 8339 5875 8159 6333 7968 6763 7806 7129 7669 7440 7529 7717 7315 8025 7111 8295 6919 8532 6678 8776 6442 9001 6231 9196 6029 9375 5720 9566 5392 9730 4992 9847 4644 9942 4198 9996 3754 10038 3374 10073 3049 10102 2773 10127 2513 10137 2162 10093 1804 10020 1473 9947 1143 9856 846 9773 521 9684 149 9585 -319 9432 -732 9293 -1118 9153 
10353 1986 10340 2003 10330 2017 10236 2099 10119 2218 10001 2342 9847 2503 9690 2685 9551 2850 9420 3005 9289 3150 9178 3273 9011 3413 8839 3551 8659 3705 8384 3922 8003 4180 7564 4449 7170 4689 6813 4907 6510 5092 6253 5249 5942 5449 5676 5620 5398 5788 5075 5998 4789 6185 4538 6347 4288 6516 4059 6676 3859 6819 3667 6975 3467 7143 3199 7394 2934 7650 2694 7885 2435 8139 2171 8390 1923 8616 1579 8894 1285 9131 1017 9348 787 9533 472 9764 146 9982 -222 10178 -570 10342 -907 10487 -1309 10599 -1722 10699 
10305 2079 10248 2231 10197 2488 10143 2871 10099 3244 10061 3587 10020 3910 9973 4215 9892 4563 9791 4949 9633 5383 9454 5807 9258 6203 9041 6576 8789 6925 8549 7236 8343 7502 8161 7732 7996 7932 7857 8102 7678 8279 7419 8455 7131 8609 6830 8735 6406 8868 5947 8974 5549 9061 5184 9128 4814 9158 4377 9158 3986 9150 3643 9137 3298 9089 2969 9013 2632 8860 2305 8658 2011 8451 1759 8267 1537 7952 1335 7608 1166 7238 1009 6847 868 6464 730 5959 596 5445 482 5003 385 4613 271 4141 158 3555 18 2921 
10344 2005 10319 2048 10259 2175 10206 2291 10158 2401 10118 2495 10070 2600 10026 2698 9970 2828 9868 3030 9749 3237 9635 3424 9519 3601 9335 3822 9097 4101 8892 4342 8646 4653 8424 4944 8178 5256 7952 5541 7756 5786 7582 5998 7394 6197 7157 6422 6891 6684 6540 7003 6217 7289 5904 7560 5631 7796 5296 8068 5004 8304 4742 8509 4391 8730 3978 8964 3604 9166 3275 9339 2993 9485 2664 9584 2332 9638 1893 9603 1462 9561 946 9494 364 9407 -281 9296 -831 9201 -1416 9061 -1929 8935 -2548 8796 -3225 8629 -3898 8479 
10336 1999 10298 2032 10251 2082 10207 2131 10131 2247 10066 2348 9997 2459 9914 2605 9817 2771 9691 3010 9572 3271 9468 3510 9366 3838 9271 4179 9188 4591 9117 4947 9049 5275 8986 5580 8897 5918 8811 6229 8722 6511 8631 6768 8520 7015 8352 7285 8145 7593 7880 7920 7628 8217 7369 8498 7089 8769 6755 9089 6456 9375 6174 9640 5864 9920 5522 10213 5112 10510 4677 10785 4305 11018 3986 11216 3642 11365 3261 11474 2813 11514 2382 11510 1983 11486 1517 11339 992 11081 540 10855 142 10648 -279 10356 -687 10057 -1181 9707 
10351 1988 10339 2004 10307 2073 10278 2137 10239 2219 10203 2294 10170 2363 10079 2592 9998 2795 9916 2986 9835 3173 9742 3430 9658 3659 9586 3856 9396 4143 9192 4409 8952 4684 8674 4992 8415 5267 8101 5553 7719 5896 7349 6226 7014 6516 6727 6763 6466 6978 6128 7190 5833 7370 5580 7523 5236 7639 4936 7735 4553 7745 4168 7732 3683 7651 3264 7577 2827 7418 2320 7174 1856 6948 1462 6757 1093 6570 748 6383 387 6188 -94 5969 -677 5743 -1186 5550 -1738 5372 -2278 5213 -2894 5039 -3417 4892 -3972 4744 -4568 4597 
10350 1991 10315 2049 10286 2098 10171 2202 9967 2408 9790 2587 9584 2783 9374 2993 9175 3201 8958 3425 8753 3628 8537 3822 8307 4007 8107 4167 7906 4343 7694 4526 7377 4767 7071 4991 6788 5188 6546 5355 6341 5497 6167 5617 5918 5770 5693 5906 5447 6035 5191 6147 4903 6228 4656 6296 4307 6307 3984 6312 3707 6315 3414 6292 3114 6246 2841 6198 2521 6081 2122 5867 1703 5618 1265 5357 758 5013 308 4707 -123 4414 -635 4055 -1101 3734 -1542 3432 -1941 3165 -2288 2935 -2668 2696 -3081 2462 -3529 2210 -3966 1963 
10346 1991 10331 2003 10217 2087 10047 2224 9862 2376 9627 2565 9401 2754 9158 2980 8948 3180 8741 3388 8562 3570 8408 3729 8243 3985 8094 4230 7967 4440 7853 4669 7737 4936 7578 5293 7427 5628 7283 5935 7156 6202 6970 6507 6813 6766 6638 7009 6490 7215 6293 7428 6070 7622 5829 7798 5479 7969 5095 8145 4763 8295 4457 8428 4198 8541 3921 8656 3583 8789 3198 8952 2704 9140 2276 9301 1913 9437 1549 9563 1069 9661 632 9747 144 9807 -428 9841 -943 9874 -1430 9916 -1851 9952 -2334 10013 -2873 10128 -3353 10233 
10330 2021 10287 2077 10224 2143 10115 2244 9987 2370 9821 2565 9681 2730 9559 2881 9454 3014 9361 3159 9272 3368 9167 3655 9031 4005 8853 4395 8688 4755 8488 5178 8306 5565 8148 5902 7996 6223 7862 6505 7745 6753 7632 7009 7503 7336 7391 7669 7296 7952 7189 8299 7096 8626 7017 8909 6945 9170 6887 9511 6837 9821 6792 10117 6745 10458 6677 10842 6567 11258 6421 11681 6295 12042 6186 12350 6033 12638 5823 12922 5528 13192 5230 13421 4965 13613 4615 13730 4150 13751 3729 13749 3358 13735 2955 13588 2606 13454 2212 13270 
10349 1994 10337 2015 10264 2142 10200 2252 10081 2480 9928 2757 9784 3029 9636 3349 9506 3628 9300 3972 9121 4268 8967 4524 8789 4857 8627 5167 8479 5456 8339 5750 8199 6070 8037 6427 7880 6760 7732 7061 7583 7339 7370 7644 7190 7903 6992 8141 6825 8343 6631 8535 6410 8705 6073 8844 5616 8947 5136 9038 4708 9115 4321 9179 3993 9233 3568 9215 3105 9157 2652 9092 2110 8964 1642 8850 1245 8754 863 8637 432 8397 53 8174 -311 7876 -680 7476 -1011 7112 -1338 6716 -1619 6371 -1888 5953 -2179 5469 -2451 4991 
10319 2019 10229 2108 10083 2225 9922 2336 9692 2477 9491 2599 9321 2702 9058 2846 8793 2977 8410 3121 8064 3245 7768 3352 7456 3481 7175 3596 6830 3748 6534 3879 6277 3999 6046 4128 5815 4389 5617 4756 5475 5230 5393 5759 5373 6314 5404 6857 5445 7341 5514 7828 5580 8270 5666 8697 5757 9083 5915 9473 6127 9848 6341 10185 6524 10473 6681 10719 6912 10986 7176 11284 7432 11559 7674 11810 7955 12070 8203 12297 8467 12542 8775 12822 9143 13152 9458 13434 9812 13763 10195 14157 10578 14543 11049 14976 11531 15423 11940 15803 
10330 2021 10287 2077 10224 2143 10112 2240 9978 2360 9801 2545 9652 2702 9522 2846 9398 3020 9287 3200 9186 3391 9063 3660 8919 3998 8742 4382 8579 4738 8389 5161 8184 5638 8007 6051 7849 6427 7712 6758 7593 7047 7485 7340 7376 7701 7288 8064 7215 8373 7154 8640 7106 8878 7088 9118 7095 9354 7109 9567 7129 9764 7158 9955 7185 10128 7229 10334 7307 10653 7421 11065 7529 11455 7622 11788 7730 12199 7832 12613 7936 13113 8032 13603 8110 14066 8175 14471 8221 14844 8260 15161 8216 15586 8124 16056 8039 16475 7916 16956 
10321 2047 10287 2131 10254 2330 10210 2654 10171 2934 10127 3196 10003 3544 9894 3844 9802 4099 9660 4402 9409 4768 9132 5123 8833 5450 8564 5733 8263 5986 7914 6222 7492 6425 7089 6589 6747 6729 6457 6848 6208 6948 5985 7032 5728 7090 5445 7116 5057 7095 4717 7072 4391 7043 4103 7018 3807 6980 3526 6942 3240 6909 2964 6880 2691 6849 2382 6791 1966 6689 1529 6572 1135 6457 777 6336 470 6229 190 6119 -68 6005 -391 5793 -675 5594 -1007 5306 -1316 5033 -1699 4699 -2078 4351 -2451 3989 -2849 3615 -3307 3225 
10344 1994 10311 2026 10206 2098 10079 2169 9922 2239 9777 2301 9654 2353 9496 2407 9324 2469 9125 2549 8934 2626 8715 2715 8455 2804 8220 2884 7988 2966 7768 3053 7582 3127 7394 3234 7161 3498 6936 3879 6760 4364 6648 4927 6630 5561 6628 6142 6646 6693 6668 7271 6700 7817 6729 8286 6757 8702 6781 9078 6801 9442 6818 9881 6832 10299 6821 10762 6770 11251 6711 11752 6662 12178 6619 12542 6542 12903 6421 13280 6300 13615 6148 13921 6005 14185 5705 14418 5263 14596 4882 14745 4449 14831 3938 14804 3411 14711 2881 14534 
10323 2019 10216 2108 10075 2230 9844 2481 9568 2795 9320 3085 9103 3351 8912 3624 8751 3856 8615 4061 8494 4394 8392 4689 8273 5069 8170 5397 8078 5683 8001 5926 7923 6155 7847 6368 7753 6582 7665 6772 7560 6961 7395 7194 7246 7398 7032 7630 6747 7930 6502 8186 6245 8431 5964 8659 5657 8861 5266 9067 4911 9246 4562 9396 4266 9523 3874 9600 3429 9641 3049 9675 2643 9709 2242 9731 1806 9747 1355 9765 789 9776 263 9777 -191 9776 -683 9743 -1123 9706 -1519 9666 -1951 9572 -2325 9487 -2746 9376 -3190 9257 
10344 2005 10325 2038 10254 2151 10180 2276 10031 2504 9844 2779 9666 3039 9495 3306 9344 3565 9203 3831 9073 4097 8963 4323 8790 4612 8644 4858 8481 5100 8300 5334 8104 5561 7831 5806 7577 6023 7315 6234 7084 6416 6853 6587 6658 6732 6449 6882 6272 7009 6111 7120 5936 7221 5773 7307 5467 7394 5109 7478 4719 7539 4313 7598 3909 7667 3508 7752 3150 7827 2819 7903 2408 8033 1905 8218 1309 8430 695 8662 68 8881 -529 9065 -1150 9220 -1851 9335 -2482 9427 -3080 9484 -3590 9530 -4024 9569 -4485 9569 -5013 9499 
10344 1994 10327 2012 10314 2027 10300 2041 10285 2057 10263 2082 10222 2145 10186 2200 10064 2341 9864 2583 9636 2861 9372 3205 9127 3526 8914 3805 8657 4191 8432 4551 8223 4894 8039 5196 7874 5474 7705 5875 7562 6218 7421 6594 7284 6958 7149 7361 7022 7749 6861 8176 6722 8547 6602 8867 6495 9156 6341 9502 6199 9813 6009 10186 5824 10540 5592 10918 5307 11296 4999 11672 4738 11992 4514 12265 4265 12508 3966 12735 3689 12928 3407 13082 3153 13207 2785 13217 2314 13123 1907 13038 1546 12952 1145 12734 728 12460 313 12114 
10350 1991 10324 2056 10291 2128 10185 2267 10040 2474 9914 2654 9765 2872 9636 3065 9516 3263 9338 3563 9169 3837 8982 4110 8779 4377 8608 4604 8433 4865 8254 5130 7999 5464 7778 5752 7591 5997 7358 6269 7158 6502 6969 6713 6805 6897 6656 7064 6464 7253 6163 7472 5872 7663 5584 7829 5188 7948 4837 8043 4464 8074 4076 8056 3642 8004 3173 7944 2734 7882 2251 7783 1723 7610 1174 7423 558 7204 -49 6975 -663 6698 -1242 6389 -1736 6124 -2310 5807 -2829 5514 -3286 5245 -3730 4966 -4211 4633 -4634 4332 -5034 4033 
10291 2047 10209 2120 10141 2182 10080 2238 10024 2290 9968 2345 9901 2435 9843 2514 9696 2738 9521 3083 9321 3506 9149 3874 8995 4228 8865 4529 8736 4834 8621 5149 8524 5425 8442 5671 8371 5909 8344 6276 8329 6692 8312 7114 8282 7573 8260 8058 8241 8476 8226 8832 8194 9171 8159 9471 8052 9885 7956 10246 7845 10593 7702 10936 7559 11244 7396 11535 7154 11827 6867 12095 6530 12344 6199 12562 5887 12756 5532 12952 5111 13131 4694 13275 4340 13397 3963 13483 3510 13520 3006 13512 2479 13468 2024 13426 1547 13336 1010 13178 
10343 2004 10328 2045 10314 2220 10298 2437 10276 2669 10257 2868 10189 3154 10081 3485 9927 3865 9747 4270 9499 4709 9233 5128 8956 5508 8663 5855 8339 6161 8059 6421 7762 6663 7388 6881 7053 7068 6769 7227 6471 7366 6108 7466 5734 7530 5411 7582 5016 7543 4573 7406 4128 7215 3740 7042 3350 6795 2944 6416 2523 5961 2119 5470 1767 5031 1461 4608 1200 4243 970 3849 776 3494 616 3148 470 2765 345 2384 248 2013 191 1615 201 1098 218 608 239 121 274 -343 332 -806 382 -1205 502 -1712 637 -2239 
10335 2006 10315 2026 10250 2082 10068 2266 9828 2510 9609 2738 9396 2995 9205 3260 9044 3485 8907 3678 8769 4005 8652 4283 8543 4544 8449 4771 8368 4966 8300 5132 8211 5337 8122 5553 8022 5774 7845 6072 7672 6352 7464 6674 7271 6980 7058 7332 6847 7725 6656 8154 6491 8538 6358 8927 6258 9431 6176 9915 6108 10329 6053 10692 6011 11039 5977 11345 5968 11759 5959 12131 5958 12495 5958 12806 5958 13071 5960 13301 6006 13559 6137 13868 6337 14229 6616 14614 6910 14998 7253 15463 7584 15914 7911 16411 8232 16951 8513 17487 
10308 2081 10236 2216 10108 2437 9998 2627 9835 2921 9643 3254 9463 3572 9297 3881 9156 4152 9021 4428 8905 4667 8806 4875 8735 5189 8678 5497 8631 5761 8581 6048 8515 6362 8413 6716 8276 7084 8145 7414 7967 7768 7734 8143 7494 8483 7247 8791 7038 9053 6764 9316 6475 9547 6176 9742 5853 9908 5540 10055 5275 10180 4978 10280 4702 10365 4403 10421 4040 10436 3717 10446 3371 10455 3021 10451 2724 10448 2391 10448 1931 10435 1472 10417 1077 10402 589 10346 102 10269 -311 10205 -773 10125 -1283 10024 -1824 9915 -2361 9819 
10331 2010 10231 2092 10100 2204 9834 2401 9580 2585 9344 2759 9112 2952 8888 3169 8699 3353 8538 3511 8342 3793 8169 4049 8009 4290 7855 4518 7723 4714 7612 4881 7496 5090 7392 5288 7281 5494 7179 5678 7070 5862 6915 6101 6758 6329 6539 6601 6270 6884 5932 7179 5593 7453 5241 7700 4850 7913 4479 8100 4141 8261 3806 8391 3522 8501 3135 8571 2695 8608 2319 8638 1822 8695 1392 8742 931 8790 462 8856 -108 8948 -636 9033 -1114 9112 -1675 9212 -2175 9299 -2671 9380 -3206 9443 -3669 9495 -4202 9558 -4739 9644 
10315 2043 10249 2141 10187 2233 10074 2389 9965 2537 9839 2688 9569 2911 9310 3125 9069 3323 8849 3504 8654 3670 8404 3908 8144 4164 7798 4506 7408 4951 7064 5365 6761 5751 6489 6137 6223 6531 5954 6930 5698 7297 5428 7641 5172 7947 4927 8215 4698 8445 4405 8632 4148 8788 3903 8914 3636 8993 3292 9035 2981 9062 2706 9079 2413 9065 2113 9017 1792 8903 1464 8740 1163 8570 903 8417 647 8135 404 7823 193 7529 -3 7229 -181 6925 -369 6491 -554 6039 -718 5626 -858 5261 -1023 4814 -1193 4275 -1397 3683 
10349 1991 10334 2011 10264 2112 10200 2212 10095 2437 9966 2719 9846 3002 9738 3332 9648 3621 9576 3926 9519 4214 9472 4464 9499 4801 9533 5108 9562 5369 9595 5640 9627 5947 9641 6306 9634 6741 9624 7140 9605 7522 9551 7957 9504 8329 9438 8685 9383 8987 9321 9275 9256 9557 9202 9796 9119 10106 9040 10401 8946 10756 8867 11058 8753 11373 8639 11656 8543 11896 8439 12107 8229 12307 8046 12477 7809 12653 7552 12823 7318 12973 7037 13149 6793 13301 6459 13509 6133 13699 5733 13941 5342 14176 4939 14415 4556 14657 4074 14961 
10319 2028 10243 2105 10164 2185 10089 2265 10026 2333 9939 2423 9839 2524 9716 2671 9580 2886 9463 3070 9339 3310 9181 3634 9018 3954 8862 4260 8718 4550 8521 4950 8348 5300 8122 5734 7907 6134 7725 6474 7571 6763 7422 7022 7269 7262 7102 7495 6930 7722 6729 7993 6522 8274 6323 8571 6084 8981 5857 9381 5659 9747 5492 10058 5336 10358 5199 10624 5027 10995 4869 11327 4718 11653 4577 11979 4458 12256 4356 12496 4278 12777 4249 13139 4254 13575 4269 13983 4293 14410 4304 14940 4310 15459 4270 16065 4200 16700 4102 17307 
10340 2006 10325 2030 10292 2087 10206 2280 10126 2469 10007 2735 9871 3023 9741 3287 9582 3558 9434 3809 9273 4058 9054 4344 8831 4606 8602 4849 8350 5084 8098 5314 7827 5585 7592 5819 7314 6103 7061 6369 6783 6689 6544 6966 6284 7368 6029 7772 5782 8149 5573 8469 5357 8758 5162 9006 4833 9276 4542 9509 4245 9714 3931 9890 3638 10035 3339 10151 2978 10211 2640 10244 2272 10221 1861 10138 1488 10056 1079 9951 633 9794 214 9616 -141 9466 -488 9276 -860 9001 -1191 8742 -1521 8430 -1803 8157 -2073 7831 -2351 7397 
10312 2038 10231 2124 10148 2211 10069 2297 9989 2390 9881 2513 9773 2635 9629 2791 9488 2937 9366 3062 9240 3200 9133 3317 8994 3440 8757 3618 8449 3841 8064 4077 7726 4279 7377 4463 6940 4628 6566 4768 6243 4887 5969 4988 5704 5066 5313 5108 4982 5144 4686 5173 4420 5194 4142 5190 3788 5105 3455 5012 3121 4909 2799 4805 2476 4705 2104 4605 1611 4508 1169 4425 764 4353 399 4294 62 4245 -382 4217 -791 4197 -1162 4184 -1498 4174 -1924 4168 -2372 4165 -2844 4148 -3279 4123 -3693 4101 -4147 4059 -4664 4017 
10351 1988 10345 1994 10298 2075 10259 2143 10206 2226 10158 2302 10114 2371 10025 2553 9946 2715 9866 2871 9786 3028 9692 3259 9607 3465 9534 3642 9341 3910 9135 4160 8893 4421 8615 4715 8377 4966 8081 5231 7784 5490 7484 5746 7196 5976 6949 6171 6722 6341 6389 6528 6099 6691 5737 6933 5369 7178 5009 7417 4699 7624 4358 7886 4034 8146 3699 8426 3270 8785 2889 9102 2519 9408 2182 9692 1838 10009 1517 10310 1154 10728 812 11182 440 11728 89 12334 -218 12947 -505 13636 -757 14284 -983 14933 -1192 15560 -1451 16245 
10350 1991 10324 2056 10295 2123 10192 2258 10027 2497 9883 2705 9719 2946 9578 3159 9434 3420 9229 3784 9039 4111 8842 4421 8631 4720 8453 4974 8272 5258 8088 5543 7821 5903 7590 6213 7376 6491 7120 6791 6900 7047 6694 7279 6507 7489 6338 7678 6149 7870 5978 8043 5823 8200 5647 8369 5368 8576 5107 8764 4841 8959 4584 9153 4334 9356 4062 9607 3736 9965 3440 10300 3174 10610 2941 10892 2733 11157 2502 11531 2296 11880 2114 12198 1952 12488 1757 12862 1544 13252 1300 13652 1066 14014 841 14358 569 14716 260 15110 
10353 1986 10340 2003 10330 2017 10236 2099 10119 2218 9999 2345 9777 2577 9565 2815 9379 3027 9208 3222 9053 3395 8922 3542 8736 3710 8550 3874 8360 4052 8083 4297 7706 4589 7274 4895 6888 5168 6539 5416 6243 5627 5992 5806 5701 6041 5451 6243 5193 6446 4956 6635 4722 6821 4429 7066 4153 7298 3880 7543 3646 7757 3435 7997 3254 8218 3097 8513 2976 8865 2886 9280 2850 9739 2838 10293 2849 10878 2874 11563 2894 12147 2911 12644 2960 13220 3009 13781 3105 14416 3243 15058 3372 15630 3503 16144 3702 16682 3875 17144 
10312 2038 10231 2124 10153 2208 10080 2292 10019 2363 9940 2462 9852 2574 9756 2712 9652 2922 9564 3102 9473 3315 9331 3610 9177 3902 8968 4267 8775 4607 8515 5051 8288 5437 8055 5820 7831 6174 7590 6525 7386 6824 7210 7079 7033 7313 6843 7538 6653 7760 6402 8059 6175 8329 5955 8614 5709 8967 5468 9327 5263 9635 5084 9908 4917 10175 4771 10412 4587 10757 4419 11067 4253 11386 4112 11659 3993 11891 3891 12093 3786 12340 3672 12676 3524 13083 3373 13561 3217 14043 3003 14598 2791 15132 2534 15680 2234 16241 1916 16762 
10317 2018 10263 2075 10157 2167 9987 2277 9837 2373 9671 2481 9528 2574 9375 2669 9217 2759 9068 2845 8901 2937 8752 3020 8596 3126 8447 3229 8224 3406 8016 3575 7833 3729 7667 3887 7469 4188 7286 4587 7156 5101 7078 5647 7045 6223 7033 6747 7031 7205 7067 7682 7100 8095 7128 8448 7154 8876 7174 9248 7153 9655 7121 10062 7018 10564 6926 10997 6748 11442 6445 11904 6158 12321 5915 12675 5673 12997 5429 13287 5199 13552 4887 13917 4573 14294 4299 14627 4007 15013 3723 15403 3384 15863 3097 16254 2788 16679 2457 17145 
10343 2001 10313 2038 10220 2141 10137 2235 10058 2331 9990 2414 9914 2508 9818 2635 9705 2783 9539 2973 9399 3134 9259 3310 9128 3489 8968 3740 8794 4070 8641 4374 8505 4658 8380 4976 8268 5281 8168 5566 8084 5808 8008 6020 7917 6228 7827 6425 7700 6726 7537 7078 7369 7410 7144 7862 6922 8286 6668 8761 6443 9180 6191 9638 5969 10044 5769 10405 5582 10732 5290 11134 4918 11556 4603 11914 4287 12266 3943 12619 3566 13007 3161 13474 2715 13972 2255 14502 1840 14974 1482 15378 1059 15784 691 16136 221 16522 -324 16894 
10324 2024 10247 2125 10120 2261 9977 2393 9770 2565 9589 2714 9436 2840 9196 3020 8950 3187 8594 3394 8272 3577 7996 3733 7711 3917 7455 4084 7143 4305 6822 4573 6527 4855 6271 5124 6054 5512 5900 5984 5834 6536 5846 7118 5936 7697 6080 8243 6222 8724 6363 9146 6509 9521 6731 9892 7018 10229 7279 10517 7689 10745 8095 10925 8448 11077 8797 11216 9122 11344 9477 11506 9858 11679 10340 11896 10835 12110 11274 12299 11669 12468 12157 12657 12699 12849 13191 13016 13728 13155 14220 13278 14691 13378 15133 13458 15661 13512 16163 13557 
10346 1992 10304 2062 10253 2164 10177 2352 10047 2640 9938 2885 9833 3106 9681 3342 9466 3609 9249 3853 9054 4064 8884 4244 8605 4425 8353 4580 8032 4732 7757 4860 7467 4965 7161 5033 6877 5080 6516 5063 6120 4993 5777 4929 5391 4836 5021 4743 4677 4661 4289 4567 3951 4484 3640 4403 3358 4330 2999 4273 2673 4229 2382 4190 2069 4151 1789 4114 1460 4045 1011 3919 605 3800 253 3694 -145 3485 -538 3248 -894 3032 -1242 2823 -1540 2644 -1949 2398 -2299 2188 -2618 2000 -2940 1811 -3321 1554 -3743 1205 -4213 814 
10336 1999 10302 2035 10261 2090 10223 2144 10164 2269 10113 2377 10059 2496 9999 2645 9927 2818 9806 3054 9681 3310 9568 3544 9431 3862 9310 4145 9178 4505 9064 4816 8957 5104 8856 5380 8760 5700 8675 5998 8595 6273 8528 6506 8448 6742 8330 7024 8197 7354 8050 7773 7882 8291 7738 8739 7609 9167 7491 9572 7369 10006 7201 10513 7045 10990 6913 11397 6794 11771 6673 12125 6508 12502 6351 12847 6171 13202 6014 13507 5848 13812 5700 14080 5521 14375 5290 14708 5022 15090 4737 15506 4473 15891 4217 16258 3988 16579 3726 16906 
10347 1996 10288 2080 10203 2183 10108 2284 10022 2371 9939 2450 9833 2549 9724 2651 9518 2817 9280 3013 9011 3229 8762 3429 8521 3619 8312 3783 8113 3942 7912 4124 7733 4294 7575 4448 7389 4690 7196 5060 7030 5382 6845 5833 6687 6218 6538 6651 6402 7068 6236 7521 6081 7935 5923 8333 5776 8688 5610 9101 5462 9471 5319 9824 5159 10205 4973 10624 4731 11077 4461 11520 4229 11897 4030 12219 3801 12509 3521 12782 3149 13028 2771 13228 2412 13396 1933 13489 1349 13513 844 13530 395 13538 -106 13465 -542 13398 -1086 13305 
10337 2004 10310 2035 10271 2074 10183 2136 10053 2219 9786 2370 9495 2546 9209 2745 8952 2929 8735 3085 8502 3316 8280 3583 8079 3859 7848 4224 7644 4550 7461 4845 7237 5219 6974 5646 6720 6053 6498 6405 6289 6737 6063 7094 5854 7435 5670 7756 5513 8064 5398 8411 5306 8783 5247 9156 5211 9499 5254 9878 5353 10255 5466 10600 5563 10895 5666 11163 5837 11468 6032 11808 6224 12125 6407 12417 6626 12727 6820 12998 7026 13290 7267 13626 7556 14024 7803 14364 8076 14762 8360 15230 8645 15692 8977 16240 9301 16811 9576 17296 
10305 2031 10115 2173 9938 2308 9777 2433 9639 2541 9507 2651 9371 2770 9232 2912 9083 3122 8937 3348 8790 3623 8663 3988 8548 4346 8448 4682 8359 4994 8242 5412 8139 5781 8031 6153 7923 6504 7819 6822 7732 7092 7577 7408 7423 7701 7247 8005 7075 8299 6906 8580 6731 8851 6544 9130 6373 9394 6147 9714 5870 10120 5627 10477 5418 10782 5242 11041 5037 11360 4857 11637 4679 11901 4493 12165 4281 12461 4091 12727 3910 12970 3642 13287 3380 13579 3155 13828 2892 14083 2557 14361 2244 14604 1955 14818 1710 15000 1450 15170 
10312 2038 10230 2123 10145 2209 10065 2294 9984 2385 9883 2498 9781 2610 9650 2766 9450 2979 9278 3162 9114 3351 8959 3529 8786 3713 8537 3967 8304 4208 8001 4492 7734 4740 7456 4986 7096 5261 6791 5494 6532 5692 6312 5860 6093 6011 5750 6196 5453 6354 5051 6490 4674 6597 4314 6676 3938 6702 3607 6716 3295 6698 2969 6626 2592 6505 2177 6368 1787 6232 1376 6064 925 5816 450 5550 -53 5264 -557 4965 -1101 4578 -1605 4173 -2034 3827 -2541 3414 -2999 3035 -3401 2690 -3790 2339 -4206 1930 -4578 1553 -4921 1193 
10341 1996 10291 2066 10243 2140 10200 2207 10144 2333 10097 2440 10045 2579 10000 2702 9911 2941 9821 3166 9697 3440 9569 3735 9428 4045 9196 4429 8964 4791 8759 5111 8552 5422 8347 5711 8080 6036 7712 6422 7359 6770 7051 7069 6688 7368 6339 7641 5910 7980 5546 8268 5219 8516 4927 8727 4491 8929 4109 9101 3710 9247 3302 9361 2918 9447 2544 9505 2128 9497 1709 9438 1289 9316 905 9177 555 9037 181 8861 -211 8618 -570 8359 -917 8052 -1244 7707 -1564 7283 -1868 6802 -2151 6292 -2391 5850 -2591 5370 -2752 4801 
10353 1986 10331 2014 10256 2082 10116 2175 9906 2291 9637 2420 9409 2529 9176 2634 8943 2745 8697 2874 8486 2984 8305 3079 8098 3213 7910 3334 7723 3460 7561 3571 7424 3666 7305 3754 7188 4017 7111 4403 7100 4887 7149 5389 7303 5951 7467 6459 7617 6899 7766 7297 7970 7685 8284 8074 8595 8423 8992 8765 9390 9094 9776 9403 10226 9727 10729 10096 11246 10492 11738 10878 12157 11208 12516 11492 12833 11761 13102 11989 13420 12297 13798 12702 14213 13119 14621 13519 15099 13937 15606 14380 16098 14822 16551 15257 16964 15708 17318 16099 
10353 1986 10340 2003 10330 2017 10236 2099 10119 2218 10001 2342 9847 2503 9688 2688 9548 2855 9424 3017 9306 3177 9207 3313 9069 3481 8930 3650 8750 3927 8507 4281 8183 4696 7817 5136 7487 5528 7188 5880 6932 6181 6711 6439 6510 6670 6337 6868 6140 7062 5955 7242 5769 7416 5476 7677 5196 7917 4909 8159 4647 8388 4420 8593 4223 8778 4029 9039 3853 9374 3686 9798 3502 10264 3282 10750 3035 11263 2711 11817 2433 12289 2198 12690 1907 13156 1627 13587 1300 14108 982 14660 710 15135 473 15574 253 16080 66 16515 
10342 2004 10321 2049 10281 2214 10201 2506 10131 2759 10070 2976 9893 3285 9738 3553 9544 3857 9315 4261 9077 4679 8854 5063 8613 5434 8397 5758 8211 6034 7992 6317 7705 6615 7340 6902 6917 7159 6529 7381 6191 7571 5793 7718 5401 7826 5018 7899 4643 7949 4290 7980 3953 7995 3655 8008 3402 8019 3154 8035 2838 8065 2570 8091 2319 8107 2085 8110 1887 8112 1629 8078 1296 8005 1008 7942 719 7881 318 7816 -27 7761 -323 7714 -649 7671 -943 7630 -1226 7576 -1622 7474 -2009 7357 -2414 7210 -2870 6973 -3336 6659 
10343 2004 10318 2092 10294 2294 10263 2627 10239 2957 10219 3240 10173 3606 10132 3925 10062 4288 9976 4688 9842 5134 9687 5571 9513 5981 9317 6369 9087 6736 8886 7051 8713 7320 8538 7564 8374 7781 8235 7965 8068 8151 7821 8343 7543 8515 7251 8658 6856 8786 6515 8896 6226 8989 5966 9072 5740 9142 5527 9200 5280 9259 4924 9296 4616 9326 4178 9335 3747 9338 3204 9283 2737 9234 2327 9186 1872 9098 1362 8976 826 8856 245 8752 -340 8660 -956 8575 -1581 8498 -2183 8432 -2790 8375 -3312 8327 -3781 8283 -4218 8240 
10342 2004 10326 2051 10308 2218 10269 2514 10234 2770 10203 2990 10069 3316 9949 3599 9779 3910 9567 4257 9266 4672 8955 5071 8630 5441 8341 5761 8024 6054 7749 6305 7508 6522 7272 6717 7054 6884 6869 7026 6703 7147 6451 7240 6171 7301 5882 7327 5590 7329 5288 7299 4922 7211 4510 7100 4127 6992 3799 6899 3384 6745 3032 6615 2671 6461 2229 6221 1725 5952 1199 5635 746 5360 275 5008 -141 4692 -585 4351 -994 4039 -1397 3727 -1844 3374 -2274 3023 -2662 2697 -3034 2379 -3370 2096 -3697 1833 -4035 1577 -4433 1321 
10312 2038 10230 2123 10146 2210 10068 2296 10002 2369 9917 2469 9822 2581 9719 2719 9605 2928 9508 3107 9406 3343 9258 3660 9101 3972 8944 4275 8798 4562 8582 4964 8392 5316 8195 5667 8003 5994 7841 6272 7704 6508 7568 6721 7425 6920 7267 7119 7104 7317 6888 7576 6699 7802 6508 8026 6270 8321 6062 8579 5758 8912 5460 9243 5070 9631 4731 9963 4321 10275 3813 10614 3349 10923 2933 11194 2497 11458 2092 11692 1721 11904 1247 12175 695 12505 215 12795 -283 13119 -763 13438 -1227 13742 -1621 14001 -2065 14250 -2562 14498 
10297 2045 10209 2124 10135 2191 10044 2281 9946 2379 9827 2513 9654 2722 9479 2945 9279 3269 9109 3546 8943 3881 8784 4213 8600 4584 8437 4918 8246 5285 8076 5605 7909 5904 7679 6267 7423 6672 7178 7044 6932 7398 6691 7742 6468 8049 6220 8370 5993 8660 5785 8932 5609 9163 5446 9370 5292 9560 5069 9783 4862 9981 4619 10182 4413 10353 4185 10542 3928 10747 3706 10925 3419 11164 3156 11385 2922 11583 2668 11785 2364 12008 2044 12233 1767 12426 1473 12611 1194 12772 958 12908 591 12984 160 13019 -213 13047 -660 13049 
10353 1986 10353 1986 10312 2111 10261 2262 10173 2474 10052 2744 9931 3034 9818 3298 9718 3529 9606 3752 9457 3978 9298 4191 9164 4372 8988 4561 8686 4767 8278 4977 7930 5156 7582 5331 7143 5539 6731 5742 6329 5945 5988 6117 5632 6366 5305 6599 4952 6869 4594 7141 4278 7380 4010 7583 3768 7759 3520 7924 3287 8072 3040 8210 2816 8328 2602 8431 2352 8541 2107 8646 1843 8755 1521 8863 1126 8974 679 9093 271 9203 -211 9372 -709 9553 -1180 9730 -1673 9928 -2210 10146 -2687 10334 -3225 10517 -3829 10684 -4515 10872 
10350 1991 10324 2056 10295 2123 10189 2255 10017 2488 9868 2690 9711 2906 9574 3097 9433 3338 9229 3684 9039 3994 8824 4306 8592 4599 8396 4848 8190 5122 7978 5393 7671 5723 7406 6007 7155 6263 6847 6538 6542 6799 6262 7031 6011 7239 5788 7423 5549 7605 5201 7796 4894 7958 4592 8089 4260 8170 3965 8233 3603 8204 3227 8132 2800 8026 2342 7902 1920 7780 1483 7623 1009 7384 514 7126 -6 6847 -523 6551 -1074 6163 -1581 5756 -2013 5408 -2518 4988 -2971 4605 -3369 4256 -3756 3903 -4158 3513 -4519 3151 -4847 2801 
10341 1996 10292 2064 10230 2181 10175 2285 10088 2432 10015 2557 9927 2707 9850 2839 9694 3070 9549 3290 9384 3563 9213 3838 9019 4120 8729 4457 8443 4774 8190 5054 7938 5326 7711 5564 7495 5779 7154 6046 6833 6282 6552 6485 6206 6683 5869 6864 5434 7100 4923 7341 4457 7550 4035 7729 3617 7872 3137 8009 2709 8124 2334 8219 1927 8284 1522 8320 1075 8307 611 8257 187 8191 -175 8133 -563 7938 -955 7633 -1289 7368 -1594 7093 -1854 6857 -2097 6539 -2326 6184 -2521 5878 -2686 5615 -2835 5338 -2963 5038 -3100 4639 
10344 1994 10311 2026 10206 2098 10082 2168 9927 2237 9701 2314 9510 2379 9259 2451 9008 2528 8741 2620 8492 2707 8235 2800 7943 2892 7680 2970 7421 3037 7195 3095 7004 3145 6798 3219 6495 3420 6158 3728 5829 4149 5533 4662 5288 5271 5087 5833 4919 6321 4779 6747 4684 7202 4658 7691 4677 8161 4700 8573 4750 8967 4793 9302 4879 9704 5047 10177 5229 10659 5498 11199 5727 11660 5982 12145 6259 12643 6597 13198 7002 13780 7353 14284 7674 14735 8019 15185 8349 15621 8659 16056 8967 16527 9232 16934 9458 17282 9683 17680 
10319 2019 10281 2058 10191 2138 10080 2222 9896 2340 9735 2443 9599 2530 9346 2612 9096 2690 8727 2795 8347 2895 8022 2980 7684 3090 7377 3190 6999 3334 6679 3457 6398 3569 6156 3669 5917 3840 5692 4143 5507 4561 5373 5022 5261 5434 5175 5823 5106 6167 5053 6557 5003 6942 4951 7331 4890 7712 4834 8062 4784 8374 4736 8674 4684 9000 4629 9335 4537 9721 4351 10203 4189 10620 4036 11004 3816 11464 3616 11874 3431 12248 3227 12720 2997 13256 2747 13888 2517 14482 2262 15097 2003 15778 1777 16407 1549 17099 1292 17816 
10319 2016 10251 2101 10170 2237 10099 2358 10013 2500 9941 2621 9850 2774 9770 2909 9630 3155 9494 3384 9312 3663 9117 3936 8894 4205 8562 4503 8235 4774 7955 5005 7667 5227 7402 5422 7151 5593 6809 5760 6510 5903 6253 6024 5928 6145 5608 6257 5182 6424 4724 6593 4327 6738 3963 6867 3638 6983 3267 7153 2937 7312 2644 7455 2340 7611 2025 7769 1663 7931 1272 8094 902 8240 580 8364 152 8449 -288 8516 -685 8566 -1074 8596 -1454 8609 -1952 8569 -2413 8525 -2828 8482 -3236 8426 -3725 8361 -4297 8256 -4929 8154 
10291 2047 10209 2120 10141 2182 10080 2238 10024 2290 9968 2345 9899 2441 9839 2524 9690 2752 9528 3054 9321 3483 9143 3856 8984 4214 8850 4518 8718 4826 8606 5096 8511 5331 8430 5542 8363 5751 8350 6091 8354 6483 8366 6885 8381 7327 8423 7794 8460 8196 8491 8637 8511 9043 8527 9390 8515 9739 8486 10160 8438 10576 8392 10939 8263 11409 8116 11858 7931 12333 7721 12812 7541 13221 7386 13569 7082 13917 6675 14244 6213 14522 5768 14769 5387 14979 4932 15154 4471 15306 4074 15434 3734 15541 3392 15632 3012 15696 2544 15767 
10353 1986 10353 1986 10330 2115 10301 2278 10277 2416 10225 2630 10173 2873 10122 3098 10075 3297 10018 3501 9931 3726 9839 3940 9668 4197 9465 4456 9145 4735 8700 5021 8320 5265 7960 5502 7532 5799 7070 6164 6635 6516 6266 6815 5861 7151 5445 7472 5002 7797 4553 8115 4158 8391 3823 8625 3524 8824 3225 8997 2948 9146 2662 9272 2398 9376 2139 9452 1857 9481 1607 9499 1340 9482 1019 9388 652 9229 248 9027 -111 8840 -512 8559 -904 8237 -1279 7898 -1653 7528 -2033 7102 -2358 6732 -2671 6288 -2965 5766 -3278 5154 
10326 2014 10230 2132 10131 2267 10044 2389 9961 2526 9849 2795 9696 3149 9561 3462 9447 3728 9335 3986 9237 4216 9141 4463 9046 4709 8941 5056 8855 5389 8778 5722 8685 6087 8589 6428 8493 6767 8409 7081 8326 7375 8256 7625 8157 7907 7996 8282 7818 8689 7595 9120 7390 9514 7213 9854 7051 10159 6867 10528 6702 10861 6547 11173 6373 11517 6156 11895 5889 12280 5588 12651 5330 12968 5109 13237 4862 13470 4563 13678 4190 13844 3828 13969 3507 14068 3095 14038 2602 13894 2177 13765 1803 13640 1420 13400 1088 13187 712 12918 
10337 2004 10310 2035 10271 2074 10162 2147 10014 2239 9731 2397 9426 2579 9119 2774 8842 2953 8608 3105 8308 3322 8019 3543 7741 3769 7468 3990 7222 4188 6996 4368 6693 4585 6328 4821 5974 5042 5665 5233 5371 5417 5057 5617 4759 5815 4489 6010 4244 6208 4029 6398 3838 6591 3648 6908 3496 7278 3372 7610 3340 8065 3344 8503 3350 8883 3360 9256 3366 9602 3344 9988 3316 10402 3274 10927 3237 11462 3204 11937 3176 12364 3155 12885 3144 13459 3141 13979 3159 14539 3175 15051 3206 15561 3239 16024 3298 16566 3355 17080 
10319 2019 10267 2078 10165 2175 10000 2293 9854 2396 9692 2511 9555 2609 9325 2759 9103 2898 8900 3026 8688 3156 8424 3327 8152 3526 7905 3707 7601 3952 7324 4179 7084 4382 6870 4582 6640 4922 6436 5381 6292 5921 6205 6482 6170 7068 6158 7600 6156 8064 6235 8582 6308 9028 6502 9489 6721 9928 6949 10339 7148 10690 7421 11041 7716 11372 8039 11696 8463 12075 8841 12408 9213 12721 9556 12998 9939 13262 10281 13492 10755 13717 11262 13906 11824 14082 12447 14218 13072 14310 13771 14358 14426 14386 15079 14389 15710 14377 16420 14364 
10297 2045 10208 2128 10133 2198 10054 2271 9956 2361 9832 2484 9625 2672 9404 2878 9179 3121 8960 3422 8722 3764 8483 4105 8206 4465 7959 4787 7671 5126 7377 5448 7033 5785 6715 6091 6363 6430 6049 6740 5752 7047 5475 7359 5241 7624 4986 7911 4754 8173 4517 8426 4268 8666 4021 8887 3725 9100 3355 9289 3026 9448 2735 9581 2404 9685 2064 9764 1773 9829 1446 9837 1161 9837 897 9813 592 9652 330 9510 96 9362 -134 9193 -404 8924 -742 8553 -1078 8170 -1416 7730 -1736 7201 -2058 6613 -2347 5958 -2574 5259 
10310 2028 10250 2095 10141 2199 9970 2323 9819 2432 9648 2544 9486 2643 9224 2769 8973 2884 8754 2983 8527 3083 8202 3244 7874 3430 7583 3595 7194 3846 6846 4080 6541 4286 6261 4482 5910 4784 5545 5171 5203 5649 4876 6156 4570 6700 4304 7224 4078 7683 3890 8096 3735 8488 3626 8948 3539 9374 3485 9795 3443 10158 3450 10508 3465 10812 3565 11132 3741 11448 4016 11781 4361 12087 4752 12397 5192 12705 5711 13044 6154 13333 6530 13579 6995 13841 7432 14085 7967 14333 8537 14552 9051 14742 9523 14900 10057 15016 10516 15112 
10341 2003 10312 2043 10228 2156 10153 2260 10083 2364 10022 2455 9954 2556 9892 2649 9811 2770 9678 2944 9526 3119 9357 3288 9196 3442 8961 3625 8663 3852 8391 4059 8062 4317 7664 4664 7316 4965 6953 5266 6555 5553 6113 5815 5655 6063 5266 6274 4819 6547 4437 6780 4060 6991 3679 7184 3278 7352 2911 7491 2585 7604 2274 7691 1940 7747 1599 7778 1212 7750 812 7667 465 7591 147 7504 -223 7305 -552 7117 -848 6933 -1140 6740 -1486 6467 -1913 6115 -2319 5776 -2739 5387 -3222 4950 -3756 4502 -4332 4025 -4912 3509 
10350 1991 10337 2013 10276 2119 10224 2211 10138 2433 10032 2714 9934 2990 9855 3313 9790 3596 9744 3884 9713 4158 9689 4395 9749 4697 9814 4972 9869 5206 9954 5436 10079 5688 10238 5985 10392 6267 10533 6534 10659 6780 10792 7103 10904 7379 10999 7661 11079 7901 11157 8203 11218 8516 11250 8845 11245 9186 11229 9512 11206 9810 11157 10105 11116 10355 10978 10667 10777 11008 10605 11300 10363 11700 10119 12081 9854 12481 9596 12894 9288 13398 9003 13864 8745 14289 8429 14775 8144 15205 7852 15621 7513 16043 7218 16407 6893 16798 6574 17208 
10353 1986 10353 1986 10312 2111 10263 2262 10222 2390 10144 2590 10062 2820 9983 3034 9911 3223 9828 3415 9710 3624 9582 3828 9474 4001 9320 4184 9037 4385 8622 4596 8267 4776 7927 4957 7511 5200 7120 5444 6744 5692 6425 5902 6053 6150 5661 6388 5232 6631 4856 6840 4501 7020 4173 7172 3729 7327 3340 7460 2876 7626 2424 7781 2038 7913 1659 8024 1319 8113 947 8155 542 8148 111 8100 -266 8051 -676 7977 -1131 7888 -1571 7785 -1977 7682 -2347 7580 -2699 7474 -3034 7364 -3402 7219 -3756 7079 -4169 6910 -4539 6759 
10310 2028 10257 2085 10154 2180 10000 2291 9844 2400 9668 2512 9502 2614 9246 2763 9002 2903 8790 3025 8573 3153 8260 3345 7944 3563 7665 3757 7296 4048 6967 4317 6678 4552 6418 4770 6089 5094 5771 5460 5493 5827 5223 6241 4970 6707 4751 7165 4566 7570 4437 8021 4331 8418 4244 8775 4186 9127 4145 9448 4115 9728 4111 9995 4136 10291 4219 10676 4313 11054 4403 11396 4508 11759 4611 12122 4711 12460 4865 12889 4997 13256 5122 13591 5275 13962 5469 14402 5646 14837 5792 15299 5908 15727 6008 16131 6069 16583 6117 17038 
10321 2063 10293 2131 10256 2222 10220 2313 10144 2516 10075 2718 10018 2890 9971 3104 9935 3330 9888 3634 9826 3991 9754 4331 9686 4642 9622 4920 9550 5191 9446 5493 9241 5893 8992 6301 8744 6669 8418 7023 8045 7383 7651 7764 7291 8108 6951 8441 6609 8767 6276 9066 5924 9337 5622 9567 5223 9779 4858 9967 4546 10127 4266 10263 3972 10376 3702 10470 3361 10513 3001 10525 2601 10506 2169 10463 1682 10365 1246 10274 819 10177 290 10027 -192 9886 -650 9742 -1064 9613 -1435 9497 -1841 9366 -2279 9235 -2745 9090 -3202 8943 
10317 2048 10222 2212 10137 2359 10013 2574 9878 2789 9681 3121 9412 3558 9177 3940 8900 4399 8605 4848 8312 5275 7956 5734 7640 6134 7263 6549 6941 6903 6663 7207 6427 7466 6199 7697 5939 7919 5719 8108 5470 8282 5151 8430 4865 8551 4554 8617 4290 8673 4028 8685 3744 8621 3434 8491 3095 8304 2805 8143 2483 7884 2125 7544 1792 7190 1462 6744 1127 6266 813 5804 520 5304 269 4856 53 4404 -130 3945 -291 3462 -461 2918 -622 2346 -765 1825 -900 1333 -1021 808 -1129 338 -1234 -115 -1333 -521 -1418 -874 
10326 2014 10200 2170 10076 2337 9968 2486 9869 2634 9739 2912 9609 3185 9453 3517 9321 3799 9192 4070 9079 4311 8971 4568 8867 4823 8756 5171 8665 5505 8584 5839 8487 6205 8386 6549 8286 6891 8199 7207 8115 7504 8044 7756 7947 8042 7791 8422 7621 8836 7475 9193 7350 9508 7245 9820 7160 10124 7090 10397 7028 10646 6971 10884 6919 11100 6855 11349 6742 11723 6603 12184 6465 12613 6346 12979 6194 13411 6036 13836 5872 14242 5698 14642 5518 15017 5357 15343 5215 15623 5085 15866 4813 16137 4468 16411 4156 16653 3779 16908 
10310 2028 10241 2085 10160 2157 10026 2260 9875 2366 9707 2482 9565 2580 9354 2709 9146 2827 8869 2980 8591 3126 8256 3305 7917 3504 7611 3682 7240 3902 6899 4096 6513 4316 6090 4585 5639 4903 5228 5215 4862 5531 4549 5810 4278 6211 4054 6590 3875 6949 3726 7265 3631 7624 3562 7946 3549 8272 3562 8580 3607 8882 3645 9139 3737 9470 3912 9881 4103 10309 4362 10817 4583 11251 4830 11741 5095 12246 5423 12807 5803 13409 6133 13933 6436 14402 6765 14867 7080 15316 7376 15764 7669 16244 7933 16677 8158 17047 8382 17464 
10342 2004 10310 2043 10216 2148 10132 2244 10052 2342 9983 2427 9905 2521 9834 2608 9742 2721 9591 2879 9422 3037 9236 3187 9049 3327 8788 3487 8460 3684 8162 3864 7802 4089 7438 4331 7097 4559 6748 4799 6453 5003 6101 5201 5763 5371 5452 5521 5058 5708 4665 5879 4307 6036 3994 6176 3679 6316 3383 6442 2992 6586 2628 6715 2233 6837 1814 6931 1309 6995 696 7026 150 7041 -340 7036 -769 7019 -1153 6988 -1501 6942 -1909 6795 -2258 6666 -2653 6443 -3017 6228 -3455 5953 -3885 5659 -4306 5347 -4740 5011 -5224 4645 
10310 2040 10235 2119 10156 2200 10081 2281 10004 2369 9890 2496 9778 2622 9647 2801 9481 3059 9303 3377 9148 3685 9006 3972 8852 4270 8657 4649 8481 5001 8238 5439 8023 5819 7794 6184 7445 6602 7102 6984 6812 7309 6566 7585 6325 7828 5966 8100 5639 8338 5306 8551 4967 8730 4626 8870 4171 8944 3692 8995 3280 9036 2906 9066 2589 9091 2260 9104 1873 9101 1530 9100 1067 9072 665 9046 324 9024 -20 8992 -461 8882 -861 8773 -1285 8599 -1759 8341 -2187 8108 -2629 7849 -3010 7622 -3432 7347 -3918 7046 -4353 6781 
10288 2048 10079 2200 9885 2342 9708 2471 9556 2582 9407 2688 9247 2797 9084 2913 8882 3098 8678 3294 8456 3532 8225 3858 8004 4183 7804 4489 7619 4770 7380 5145 7169 5475 6961 5807 6769 6125 6594 6415 6446 6662 6192 6978 5951 7268 5695 7564 5451 7847 5169 8151 4922 8414 4690 8652 4479 8866 4237 9149 4021 9408 3827 9638 3649 9845 3486 10028 3262 10232 2913 10496 2594 10735 2318 10940 1931 11146 1524 11341 1155 11519 796 11698 489 11851 72 12075 -284 12266 -684 12497 -1074 12725 -1541 12968 -2100 13199 -2711 13451 
10342 2004 10326 2051 10308 2218 10269 2517 10233 2776 10202 2998 10070 3328 9952 3614 9785 3929 9546 4322 9282 4718 8995 5110 8691 5475 8419 5791 8140 6075 7876 6329 7644 6547 7319 6738 6929 6890 6574 7016 6264 7122 5896 7175 5534 7192 5181 7177 4835 7143 4454 7051 4072 6901 3685 6724 3335 6558 2919 6346 2556 6160 2139 5954 1729 5745 1356 5557 1006 5372 659 5147 341 4911 29 4615 -281 4304 -597 3983 -999 3609 -1481 3213 -1925 2843 -2401 2457 -2826 2107 -3189 1805 -3503 1535 -3827 1214 -4146 811 -4508 317 
10353 1986 10346 1995 10276 2056 10145 2151 9947 2277 9687 2427 9467 2554 9252 2673 9038 2791 8806 2923 8596 3042 8405 3150 8188 3292 7991 3419 7824 3527 7618 3689 7440 3830 7286 3958 7116 4239 6972 4643 6875 5148 6852 5722 6921 6363 7008 6942 7107 7463 7285 8022 7443 8513 7633 9062 7805 9593 7951 10072 8053 10633 8135 11172 8184 11695 8204 12208 8193 12703 8169 13150 8094 13597 7979 14027 7878 14396 7788 14714 7658 15035 7546 15309 7448 15547 7323 15799 7175 16078 6942 16447 6728 16782 6524 17122 6328 17577 6162 17975 
10300 2031 10230 2094 10148 2175 10033 2295 9906 2422 9669 2655 9415 2915 9185 3151 8991 3352 8791 3591 8579 3870 8391 4126 8200 4452 8038 4737 7892 5060 7747 5459 7596 5886 7451 6283 7315 6644 7168 7072 7044 7514 6945 7927 6879 8325 6871 8786 6891 9225 6923 9616 7025 10063 7188 10546 7349 10987 7530 11406 7689 11765 7972 12118 8223 12420 8543 12690 8940 12916 9323 13108 9659 13267 10078 13383 10549 13464 11114 13524 11596 13575 12017 13619 12531 13656 13014 13692 13591 13701 14195 13678 14737 13654 15232 13623 15779 13551 16249 13488 
10327 2011 10292 2040 10263 2065 10236 2087 10208 2108 10172 2133 10108 2187 10051 2234 9883 2340 9593 2533 9269 2743 8966 2937 8678 3118 8434 3272 8164 3448 7900 3642 7652 3841 7434 4019 7236 4190 7017 4494 6827 4761 6601 5158 6410 5496 6216 5873 6033 6238 5843 6687 5679 7077 5531 7424 5313 7880 5124 8271 4906 8726 4668 9206 4397 9715 4167 10148 3930 10605 3633 11125 3382 11567 3105 12043 2870 12448 2625 12876 2406 13274 2186 13733 1953 14227 1743 14684 1553 15095 1392 15445 1238 15783 1057 16182 840 16656 622 17104 
10310 2028 10240 2084 10156 2140 10004 2192 9869 2237 9708 2288 9569 2331 9291 2395 8931 2468 8608 2534 8247 2624 7935 2702 7605 2800 7310 2897 6971 3077 6663 3247 6400 3394 6084 3604 5732 3880 5389 4174 4984 4520 4597 4868 4204 5246 3853 5602 3541 5940 3273 6238 3019 6583 2803 6890 2631 7218 2490 7535 2386 7856 2307 8164 2242 8565 2225 9057 2247 9557 2369 10120 2474 10601 2616 11107 2750 11553 2971 12060 3243 12567 3485 13011 3713 13411 3989 13825 4262 14230 4524 14639 4753 14999 4953 15312 5124 15580 5286 15865 
10344 1994 10311 2026 10206 2098 10082 2168 9927 2237 9654 2323 9423 2396 9138 2473 8858 2553 8571 2654 8291 2761 8009 2875 7697 2992 7418 3093 7145 3184 6908 3263 6701 3333 6477 3437 6181 3666 5865 4005 5571 4455 5322 4994 5135 5624 4983 6203 4856 6706 4737 7244 4637 7709 4554 8110 4483 8468 4415 8795 4346 9113 4255 9482 4162 9837 4025 10229 3798 10668 3551 11108 3342 11482 3123 11828 2876 12146 2585 12454 2315 12720 2039 12945 1790 13134 1410 13229 912 13239 481 13243 98 13234 -392 13174 -923 13103 -1492 12993 
